1850   -0.246   -0.301   -0.190   -0.399   -0.092   -0.338   -0.153   -0.409   -0.082   -0.433   -0.058
1851   -0.127   -0.183   -0.071   -0.294    0.040   -0.222   -0.032   -0.303    0.049   -0.327    0.073
1852   -0.026   -0.080    0.028   -0.183    0.130   -0.114    0.062   -0.192    0.140   -0.213    0.161
1853   -0.079   -0.132   -0.025   -0.222    0.065   -0.169    0.012   -0.232    0.075   -0.257    0.099
1854   -0.054   -0.106   -0.001   -0.191    0.083   -0.147    0.040   -0.201    0.093   -0.228    0.120
1855   -0.065   -0.117   -0.014   -0.203    0.072   -0.171    0.040   -0.212    0.082   -0.247    0.116
1856   -0.290   -0.341   -0.240   -0.435   -0.145   -0.376   -0.204   -0.444   -0.137   -0.466   -0.114
1857   -0.340   -0.387   -0.293   -0.488   -0.192   -0.467   -0.213   -0.496   -0.185   -0.541   -0.139
1858   -0.379   -0.426   -0.331   -0.535   -0.222   -0.496   -0.261   -0.542   -0.215   -0.580   -0.177
1859   -0.334   -0.381   -0.287   -0.518   -0.150   -0.465   -0.203   -0.524   -0.144   -0.565   -0.103
1860   -0.154   -0.198   -0.109   -0.347    0.039   -0.308   -0.000   -0.352    0.044   -0.405    0.097
1861   -0.191   -0.233   -0.149   -0.428    0.046   -0.385    0.003   -0.432    0.050   -0.500    0.118
1862   -0.483   -0.526   -0.440   -0.726   -0.239   -0.698   -0.268   -0.730   -0.236   -0.810   -0.155
1863   -0.448   -0.488   -0.407   -0.704   -0.191   -0.667   -0.228   -0.707   -0.188   -0.788   -0.108
1864   -0.237   -0.278   -0.196   -0.485    0.012   -0.419   -0.055   -0.489    0.015   -0.548    0.074
1865   -0.102   -0.142   -0.062   -0.383    0.179   -0.334    0.130   -0.386    0.182   -0.468    0.265
1866   -0.132   -0.171   -0.093   -0.397    0.132   -0.359    0.095   -0.400    0.135   -0.483    0.219
1867   -0.070   -0.106   -0.034   -0.331    0.190   -0.301    0.161   -0.333    0.193   -0.420    0.280
1868    0.065    0.028    0.102   -0.199    0.329   -0.166    0.296   -0.202    0.332   -0.288    0.418
1869   -0.055   -0.093   -0.017   -0.272    0.163   -0.221    0.111   -0.276    0.166   -0.331    0.221
1870   -0.018   -0.055    0.019   -0.216    0.180   -0.180    0.143   -0.219    0.183   -0.276    0.240
1871   -0.194   -0.230   -0.159   -0.409    0.020   -0.369   -0.020   -0.412    0.023   -0.473    0.085
1872   -0.172   -0.208   -0.135   -0.368    0.024   -0.317   -0.027   -0.371    0.027   -0.418    0.074
1873   -0.247   -0.281   -0.212   -0.437   -0.056   -0.378   -0.115   -0.440   -0.053   -0.480   -0.013
1874   -0.300   -0.333   -0.266   -0.480   -0.119   -0.450   -0.149   -0.483   -0.116   -0.537   -0.062
1875   -0.226   -0.259   -0.193   -0.394   -0.058   -0.354   -0.098   -0.397   -0.055   -0.440   -0.012
1876   -0.253   -0.285   -0.221   -0.412   -0.093   -0.381   -0.125   -0.415   -0.090   -0.460   -0.046
1877    0.139    0.108    0.170   -0.021    0.300    0.003    0.276   -0.024    0.303   -0.074    0.352
1878    0.168    0.136    0.199    0.018    0.317    0.047    0.289    0.015    0.320   -0.027    0.362
1879   -0.138   -0.168   -0.107   -0.271   -0.005   -0.249   -0.026   -0.274   -0.002   -0.314    0.038
1880   -0.142   -0.173   -0.112   -0.271   -0.014   -0.250   -0.034   -0.275   -0.010   -0.313    0.028
1881   -0.147   -0.177   -0.116   -0.265   -0.029   -0.240   -0.053   -0.269   -0.025   -0.300    0.007
1882   -0.221   -0.250   -0.192   -0.339   -0.103   -0.316   -0.126   -0.343   -0.099   -0.375   -0.067
1883   -0.251   -0.280   -0.222   -0.357   -0.145   -0.340   -0.162   -0.361   -0.141   -0.392   -0.110
1884   -0.332   -0.362   -0.302   -0.428   -0.236   -0.409   -0.255   -0.432   -0.232   -0.458   -0.205
1885   -0.236   -0.266   -0.206   -0.323   -0.149   -0.311   -0.160   -0.328   -0.144   -0.355   -0.117
1886   -0.252   -0.279   -0.225   -0.338   -0.166   -0.321   -0.183   -0.342   -0.162   -0.365   -0.138
1887   -0.292   -0.319   -0.264   -0.383   -0.200   -0.374   -0.209   -0.387   -0.196   -0.418   -0.165
1888   -0.097   -0.123   -0.072   -0.189   -0.005   -0.188   -0.006   -0.193   -0.001   -0.229    0.035
1889   -0.070   -0.097   -0.044   -0.165    0.024   -0.185    0.044   -0.168    0.028   -0.221    0.081
1890   -0.367   -0.393   -0.340   -0.461   -0.272   -0.497   -0.237   -0.465   -0.268   -0.530   -0.204
1891   -0.183   -0.208   -0.157   -0.279   -0.086   -0.310   -0.055   -0.283   -0.083   -0.345   -0.021
1892   -0.380   -0.406   -0.355   -0.481   -0.280   -0.501   -0.260   -0.484   -0.277   -0.539   -0.222
1893   -0.406   -0.431   -0.380   -0.507   -0.304   -0.527   -0.284   -0.510   -0.301   -0.566   -0.245
1894   -0.435   -0.460   -0.410   -0.535   -0.334   -0.553   -0.317   -0.538   -0.331   -0.592   -0.278
1895   -0.255   -0.278   -0.232   -0.358   -0.151   -0.380   -0.129   -0.361   -0.149   -0.419   -0.090
1896   -0.057   -0.083   -0.031   -0.159    0.045   -0.169    0.056   -0.162    0.049   -0.211    0.098
1897   -0.075   -0.099   -0.051   -0.180    0.030   -0.187    0.037   -0.183    0.033   -0.230    0.080
1898   -0.242   -0.266   -0.219   -0.344   -0.140   -0.341   -0.144   -0.347   -0.138   -0.386   -0.099
1899   -0.201   -0.224   -0.177   -0.307   -0.094   -0.291   -0.110   -0.310   -0.092   -0.343   -0.059
1900   -0.061   -0.083   -0.039   -0.174    0.052   -0.150    0.029   -0.176    0.054   -0.206    0.085
1901   -0.208   -0.230   -0.187   -0.310   -0.107   -0.296   -0.121   -0.312   -0.104   -0.344   -0.072
1902   -0.365   -0.386   -0.344   -0.460   -0.270   -0.451   -0.279   -0.462   -0.267   -0.495   -0.235
1903   -0.440   -0.462   -0.419   -0.534   -0.347   -0.534   -0.347   -0.536   -0.344   -0.575   -0.306
1904   -0.500   -0.522   -0.478   -0.592   -0.408   -0.593   -0.407   -0.594   -0.406   -0.633   -0.368
1905   -0.366   -0.388   -0.344   -0.451   -0.281   -0.456   -0.276   -0.454   -0.278   -0.491   -0.241
1906   -0.280   -0.302   -0.258   -0.359   -0.201   -0.374   -0.186   -0.362   -0.198   -0.404   -0.155
1907   -0.412   -0.433   -0.391   -0.493   -0.331   -0.506   -0.318   -0.496   -0.328   -0.538   -0.286
1908   -0.486   -0.508   -0.464   -0.562   -0.410   -0.573   -0.400   -0.566   -0.407   -0.604   -0.369
1909   -0.494   -0.518   -0.470   -0.567   -0.421   -0.575   -0.413   -0.571   -0.417   -0.606   -0.382
1910   -0.525   -0.547   -0.504   -0.597   -0.453   -0.612   -0.438   -0.600   -0.450   -0.640   -0.410
1911   -0.456   -0.479   -0.433   -0.522   -0.390   -0.543   -0.369   -0.526   -0.386   -0.568   -0.344
1912   -0.425   -0.447   -0.403   -0.493   -0.357   -0.505   -0.346   -0.497   -0.354   -0.532   -0.318
1913   -0.525   -0.547   -0.504   -0.588   -0.463   -0.588   -0.463   -0.592   -0.459   -0.617   -0.434
1914   -0.327   -0.349   -0.304   -0.395   -0.258   -0.394   -0.259   -0.398   -0.255   -0.425   -0.228
1915   -0.159   -0.184   -0.135   -0.232   -0.087   -0.231   -0.087   -0.236   -0.083   -0.264   -0.054
1916   -0.390   -0.412   -0.367   -0.462   -0.318   -0.469   -0.311   -0.465   -0.314   -0.499   -0.281
1917   -0.424   -0.448   -0.401   -0.499   -0.349   -0.512   -0.337   -0.503   -0.346   -0.542   -0.307
1918   -0.387   -0.412   -0.362   -0.472   -0.301   -0.471   -0.303   -0.476   -0.298   -0.509   -0.264
1919   -0.374   -0.399   -0.348   -0.446   -0.301   -0.455   -0.292   -0.450   -0.297   -0.486   -0.262
1920   -0.305   -0.330   -0.281   -0.371   -0.239   -0.384   -0.227   -0.376   -0.235   -0.411   -0.200
1921   -0.208   -0.234   -0.182   -0.271   -0.145   -0.275   -0.141   -0.277   -0.139   -0.304   -0.112
1922   -0.281   -0.307   -0.254   -0.342   -0.220   -0.342   -0.220   -0.348   -0.214   -0.371   -0.190
1923   -0.289   -0.316   -0.263   -0.348   -0.231   -0.346   -0.233   -0.354   -0.225   -0.375   -0.204
1924   -0.217   -0.244   -0.190   -0.275   -0.159   -0.270   -0.164   -0.281   -0.153   -0.300   -0.134
1925   -0.198   -0.227   -0.169   -0.256   -0.140   -0.254   -0.142   -0.263   -0.133   -0.284   -0.112
1926   -0.033   -0.060   -0.005   -0.090    0.024   -0.087    0.022   -0.096    0.030   -0.116    0.051
1927   -0.072   -0.099   -0.045   -0.128   -0.016   -0.121   -0.023   -0.134   -0.010   -0.151    0.007
1928   -0.152   -0.178   -0.125   -0.206   -0.097   -0.204   -0.099   -0.212   -0.091   -0.232   -0.071
1929   -0.213   -0.242   -0.184   -0.267   -0.160   -0.263   -0.163   -0.274   -0.152   -0.292   -0.134
1930   -0.023   -0.054    0.007   -0.076    0.029   -0.073    0.027   -0.084    0.038   -0.102    0.056
1931   -0.007   -0.038    0.023   -0.060    0.046   -0.057    0.042   -0.068    0.054   -0.086    0.071
1932   -0.105   -0.136   -0.075   -0.160   -0.051   -0.154   -0.057   -0.168   -0.043   -0.184   -0.026
1933   -0.143   -0.172   -0.114   -0.198   -0.089   -0.199   -0.088   -0.205   -0.081   -0.227   -0.060
1934   -0.144   -0.172   -0.115   -0.197   -0.091   -0.197   -0.090   -0.204   -0.084   -0.224   -0.063
1935   -0.112   -0.140   -0.084   -0.164   -0.061   -0.161   -0.063   -0.171   -0.054   -0.188   -0.036
1936   -0.033   -0.061   -0.005   -0.083    0.017   -0.082    0.016   -0.090    0.025   -0.109    0.043
1937    0.104    0.076    0.132    0.054    0.154    0.051    0.156    0.046    0.161    0.026    0.181
1938   -0.022   -0.050    0.005   -0.074    0.030   -0.078    0.034   -0.081    0.037   -0.104    0.060
1939   -0.072   -0.102   -0.042   -0.128   -0.017   -0.129   -0.015   -0.135   -0.009   -0.157    0.013
1940   -0.005   -0.038    0.027   -0.069    0.059   -0.058    0.047   -0.077    0.067   -0.094    0.084
1941    0.065    0.018    0.113    0.002    0.129    0.021    0.110   -0.014    0.145   -0.026    0.156
1942    0.103    0.049    0.157    0.014    0.193    0.037    0.170   -0.001    0.208   -0.021    0.227
1943    0.060    0.006    0.114   -0.030    0.150   -0.015    0.135   -0.045    0.165   -0.069    0.189
1944    0.177    0.122    0.231    0.102    0.251    0.131    0.222    0.084    0.269    0.074    0.280
1945    0.168    0.113    0.223    0.096    0.240    0.117    0.219    0.077    0.259    0.064    0.272
1946    0.079    0.028    0.131   -0.000    0.159   -0.009    0.167   -0.015    0.174   -0.050    0.209
1947   -0.005   -0.077    0.068   -0.078    0.068   -0.088    0.079   -0.108    0.098   -0.137    0.128
1948    0.029   -0.044    0.103   -0.041    0.100   -0.066    0.125   -0.073    0.131   -0.110    0.169
1949   -0.020   -0.067    0.027   -0.076    0.037   -0.073    0.034   -0.093    0.054   -0.111    0.071
1950   -0.014   -0.061    0.034   -0.071    0.043   -0.068    0.040   -0.088    0.060   -0.106    0.078
1951    0.125    0.079    0.170    0.070    0.180    0.071    0.178    0.053    0.196    0.036    0.214
1952    0.133    0.086    0.179    0.079    0.186    0.085    0.180    0.061    0.204    0.047    0.218
1953    0.134    0.089    0.179    0.082    0.185    0.087    0.180    0.065    0.202    0.051    0.216
1954    0.004   -0.041    0.049   -0.046    0.055   -0.044    0.053   -0.064    0.072   -0.079    0.088
1955   -0.036   -0.078    0.007   -0.087    0.015   -0.081    0.009   -0.102    0.031   -0.116    0.044
1956   -0.109   -0.150   -0.068   -0.157   -0.060   -0.151   -0.067   -0.172   -0.045   -0.185   -0.033
1957    0.104    0.062    0.145    0.057    0.151    0.066    0.141    0.041    0.166    0.031    0.177
1958    0.195    0.158    0.232    0.149    0.240    0.159    0.230    0.136    0.253    0.126    0.263
1959    0.131    0.096    0.166    0.087    0.176    0.097    0.165    0.075    0.187    0.065    0.197
1960    0.096    0.062    0.131    0.052    0.141    0.063    0.130    0.040    0.152    0.031    0.162
1961    0.121    0.088    0.155    0.081    0.162    0.088    0.154    0.069    0.174    0.059    0.184
1962    0.074    0.041    0.106    0.032    0.115    0.042    0.106    0.021    0.126    0.012    0.135
1963    0.147    0.108    0.186    0.105    0.188    0.113    0.180    0.090    0.204    0.081    0.213
1964   -0.020   -0.060    0.020   -0.060    0.020   -0.052    0.012   -0.076    0.037   -0.085    0.045
1965   -0.055   -0.096   -0.015   -0.093   -0.018   -0.087   -0.024   -0.110   -0.001   -0.119    0.008
1966    0.133    0.094    0.173    0.096    0.171    0.106    0.161    0.079    0.188    0.072    0.194
1967    0.089    0.059    0.119    0.052    0.125    0.064    0.114    0.041    0.136    0.035    0.142
1968    0.045    0.023    0.066    0.007    0.082    0.019    0.070    0.001    0.088   -0.006    0.095
1969    0.102    0.076    0.127    0.063    0.140    0.077    0.126    0.055    0.148    0.049    0.154
1970    0.014   -0.013    0.040   -0.025    0.052   -0.012    0.040   -0.033    0.060   -0.040    0.067
1971   -0.202   -0.231   -0.173   -0.239   -0.166   -0.230   -0.175   -0.249   -0.156   -0.256   -0.148
1972   -0.107   -0.134   -0.081   -0.146   -0.069   -0.134   -0.081   -0.154   -0.061   -0.161   -0.054
1973   -0.055   -0.078   -0.031   -0.091   -0.019   -0.080   -0.030   -0.098   -0.012   -0.104   -0.005
1974   -0.198   -0.220   -0.176   -0.235   -0.161   -0.225   -0.172   -0.242   -0.155   -0.249   -0.147
1975   -0.209   -0.229   -0.190   -0.246   -0.172   -0.233   -0.186   -0.251   -0.168   -0.258   -0.161
1976   -0.233   -0.253   -0.214   -0.271   -0.196   -0.258   -0.209   -0.275   -0.192   -0.282   -0.185
1977   -0.045   -0.065   -0.026   -0.084   -0.007   -0.070   -0.021   -0.088   -0.003   -0.094    0.004
1978   -0.063   -0.085   -0.041   -0.101   -0.025   -0.090   -0.037   -0.107   -0.019   -0.114   -0.012
1979    0.017   -0.008    0.041   -0.022    0.056   -0.009    0.042   -0.029    0.063   -0.036    0.069
1980    0.012   -0.008    0.031   -0.025    0.049   -0.014    0.038   -0.030    0.054   -0.037    0.061
1981    0.020   -0.001    0.040   -0.019    0.058   -0.005    0.045   -0.024    0.063   -0.030    0.070
1982   -0.018   -0.047    0.010   -0.059    0.022   -0.046    0.009   -0.068    0.031   -0.075    0.038
1983    0.023   -0.005    0.051   -0.009    0.055   -0.004    0.050   -0.019    0.065   -0.027    0.073
1984   -0.086   -0.114   -0.059   -0.117   -0.055   -0.113   -0.059   -0.128   -0.045   -0.136   -0.036
1985   -0.146   -0.172   -0.120   -0.178   -0.114   -0.172   -0.120   -0.187   -0.105   -0.195   -0.097
1986   -0.082   -0.112   -0.052   -0.113   -0.052   -0.108   -0.057   -0.125   -0.039   -0.132   -0.033
1987    0.055    0.023    0.087    0.025    0.085    0.032    0.078    0.011    0.099    0.006    0.105
1988    0.080    0.048    0.113    0.051    0.109    0.059    0.102    0.037    0.124    0.032    0.129
1989    0.060    0.026    0.094    0.032    0.089    0.039    0.081    0.016    0.105    0.011    0.109
1990    0.242    0.204    0.281    0.215    0.270    0.221    0.264    0.195    0.290    0.190    0.295
1991    0.180    0.139    0.221    0.152    0.208    0.157    0.203    0.131    0.229    0.126    0.234
1992    0.043   -0.000    0.086    0.016    0.069    0.016    0.069   -0.008    0.093   -0.014    0.100
1993    0.057    0.012    0.101    0.030    0.084    0.030    0.083    0.005    0.109   -0.002    0.115
1994    0.192    0.144    0.240    0.163    0.220    0.165    0.219    0.136    0.248    0.130    0.254
1995    0.237    0.186    0.289    0.209    0.266    0.210    0.264    0.178    0.296    0.172    0.302
1996    0.123    0.074    0.173    0.096    0.151    0.096    0.151    0.067    0.180    0.061    0.186
1997    0.322    0.276    0.368    0.292    0.352    0.293    0.351    0.267    0.377    0.260    0.384
1998    0.413    0.359    0.467    0.382    0.444    0.385    0.442    0.351    0.476    0.345    0.482
1999    0.212    0.158    0.267    0.185    0.240    0.185    0.240    0.151    0.274    0.145    0.280
2000    0.244    0.190    0.299    0.217    0.272    0.215    0.273    0.183    0.305    0.177    0.312
2001    0.340    0.285    0.396    0.312    0.369    0.310    0.371    0.278    0.403    0.271    0.410
2002    0.363    0.308    0.419    0.336    0.391    0.335    0.392    0.301    0.426    0.295    0.432
2003    0.449    0.392    0.507    0.422    0.476    0.420    0.478    0.386    0.512    0.379    0.519
2004    0.467    0.411    0.523    0.440    0.493    0.437    0.496    0.404    0.529    0.398    0.536
2005    0.484    0.427    0.540    0.458    0.510    0.454    0.514    0.422    0.546    0.415    0.553
2006    0.440    0.384    0.496    0.414    0.466    0.412    0.469    0.378    0.502    0.372    0.508
2007    0.386    0.335    0.437    0.360    0.412    0.358    0.414    0.329    0.444    0.322    0.450
2008    0.352    0.300    0.404    0.326    0.378    0.324    0.380    0.294    0.410    0.287    0.416
2009    0.417    0.365    0.470    0.392    0.442    0.388    0.446    0.359    0.475    0.352    0.482
2010    0.456    0.402    0.509    0.431    0.481    0.427    0.485    0.396    0.515    0.390    0.522
2011    0.317    0.264    0.370    0.292    0.342    0.289    0.344    0.258    0.375    0.252    0.382
2012    0.413    0.361    0.465    0.385    0.440    0.384    0.442    0.354    0.472    0.347    0.479
2013    0.451    0.398    0.505    0.424    0.478    0.423    0.480    0.391    0.511    0.385    0.518
2014    0.617    0.563    0.671    0.593    0.642    0.590    0.645    0.558    0.677    0.552    0.683
2015    0.737    0.683    0.790    0.713    0.761    0.710    0.764    0.678    0.795    0.672    0.801
2016    0.746    0.692    0.800    0.719    0.773    0.717    0.775    0.686    0.806    0.679    0.813
2017    0.650    0.597    0.703    0.617    0.683    0.617    0.683    0.588    0.713    0.580    0.721
2018    0.620    0.567    0.673    0.595    0.644    0.592    0.648    0.561    0.678    0.555    0.684
2019    0.746    0.693    0.799    0.722    0.770    0.717    0.775    0.687    0.804    0.681    0.811
2020    0.829    0.776    0.881    0.804    0.853    0.801    0.856    0.771    0.887    0.765    0.893
2021    0.544    0.491    0.597    0.498    0.590    0.413    0.675    0.474    0.614    0.396    0.692
